[gd_scene load_steps=11 format=3 uid="uid://boaeqlncfj0cv"]

[ext_resource type="PackedScene" uid="uid://bdgipnt6xdf0i" path="res://present.tscn" id="1_wwkff"]
[ext_resource type="PackedScene" uid="uid://bhw0xxekl0m10" path="res://balloon.tscn" id="4_7xsro"]
[ext_resource type="PackedScene" uid="uid://cpc8btyollhk2" path="res://me_take2.tscn" id="4_j6pt5"]
[ext_resource type="PackedScene" uid="uid://bojn1epf4ne0c" path="res://coin.tscn" id="5_5u76o"]

[sub_resource type="StandardMaterial3D" id="StandardMaterial3D_obtu6"]
albedo_color = Color(0.0313726, 0.301961, 0.0980392, 1)
roughness = 0.0

[sub_resource type="BoxMesh" id="BoxMesh_244gm"]
material = SubResource("StandardMaterial3D_obtu6")
size = Vector3(10, 0.5, 10)

[sub_resource type="BoxShape3D" id="BoxShape3D_p7ovc"]
size = Vector3(10, 0.5, 10)

[sub_resource type="ProceduralSkyMaterial" id="ProceduralSkyMaterial_w5aww"]
sky_top_color = Color(0.352941, 0.360784, 0.901961, 1)
sky_horizon_color = Color(0.454902, 0.0823529, 0.670588, 1)
sky_curve = 0.0568391
ground_bottom_color = Color(0.0313726, 0.0705882, 0, 1)
ground_horizon_color = Color(0.454902, 0.0823529, 0.670588, 1)
ground_curve = 0.074643

[sub_resource type="Sky" id="Sky_1qbes"]
sky_material = SubResource("ProceduralSkyMaterial_w5aww")

[sub_resource type="Environment" id="Environment_47ume"]
background_mode = 2
sky = SubResource("Sky_1qbes")

[node name="Level1" type="Node3D"]

[node name="Floor" type="StaticBody3D" parent="."]
transform = Transform3D(3, 0, 0, 0, 1, 0, 0, 0, 3, 0, -0.25, 0)
metadata/_edit_group_ = true

[node name="MeshInstance3D" type="MeshInstance3D" parent="Floor"]
mesh = SubResource("BoxMesh_244gm")

[node name="CollisionShape3D" type="CollisionShape3D" parent="Floor"]
shape = SubResource("BoxShape3D_p7ovc")

[node name="DirectionalLight3D" type="DirectionalLight3D" parent="."]
transform = Transform3D(0.649732, -0.668093, 0.36263, -0.741752, -0.452849, 0.494704, -0.166292, -0.590406, -0.789789, 3.78179, 1.3232, -3.32365)
shadow_enabled = true

[node name="DirectionalLight3D2" type="DirectionalLight3D" parent="."]
transform = Transform3D(0.921072, 0.230232, 0.314038, -0.387438, 0.622575, 0.679921, -0.0389727, -0.747926, 0.662637, 0, 5.67476, 4.05556)
shadow_enabled = true

[node name="Presents" type="Node3D" parent="."]

[node name="Present1" parent="Presents" instance=ExtResource("1_wwkff")]
transform = Transform3D(0.635185, -0.609056, 0.474964, 0.692105, 0.721796, 0, -0.342827, 0.328725, 0.880005, -0.907264, 3.17579, -0.131699)

[node name="Present2" parent="Presents" instance=ExtResource("1_wwkff")]
transform = Transform3D(0.750532, 0.367423, -0.549274, -0.610299, 0.704168, -0.362882, 0.25345, 0.607576, 0.752738, -0.76182, 5.92965, 0.813051)

[node name="Present3" parent="Presents" instance=ExtResource("1_wwkff")]
transform = Transform3D(0.937555, 0.319507, -0.137497, -0.216499, 0.845411, 0.488271, 0.272248, -0.428013, 0.861792, 0.257119, 3.1597, 1.01972)

[node name="Present4" parent="Presents" instance=ExtResource("1_wwkff")]
transform = Transform3D(-0.434958, 0.267907, -0.859673, -0.862258, 0.151181, 0.48338, 0.259466, 0.95151, 0.165247, -0.0211868, 4.65999, 0.225317)

[node name="Coin" parent="." instance=ExtResource("5_5u76o")]
transform = Transform3D(1, 0, 0, 0, 1, 0, 0, 0, 1, 3, 0.738749, 2.45164)

[node name="WorldEnvironment" type="WorldEnvironment" parent="."]
environment = SubResource("Environment_47ume")

[node name="happy_idle2" parent="." instance=ExtResource("4_j6pt5")]
transform = Transform3D(1, 0, 0, 0, 1, 0, 0, 0, 1, -2.39623, -0.184601, 3.01348)

[node name="Balloon1" parent="." instance=ExtResource("4_7xsro")]
transform = Transform3D(1, 0, 0, 0, 1, 0, 0, 0, 1, -7.12253, 0.645258, -2.69051)

[node name="Balloon3" parent="." instance=ExtResource("4_7xsro")]
transform = Transform3D(1, 0, 0, 0, 1, 0, 0, 0, 1, -1.48918, 0.784215, -6.71845)

[node name="Balloon2" parent="." instance=ExtResource("4_7xsro")]
transform = Transform3D(1, 0, 0, 0, 1, 0, 0, 0, 1, 2.71779, 2.3905, 0.70791)
