[gd_scene load_steps=62 format=3 uid="uid://cpc8btyollhk2"]

[ext_resource type="ArrayMesh" uid="uid://d0uasdurfx5r2" path="res://Assets/Models/dark_blue.res" id="2_1jo1v"]
[ext_resource type="Script" path="res://me_take2.gd" id="2_6kubr"]
[ext_resource type="Script" path="res://Camera_Controller.gd" id="4_ldqhd"]
[ext_resource type="Animation" uid="uid://b66katjqsyf3t" path="res://Assets/Animations/New Imports/Tpose.res" id="4_udnnt"]
[ext_resource type="Animation" uid="uid://ly2gd8jgdtjq" path="res://Assets/Animations/New Imports/drink.res" id="5_a4psp"]
[ext_resource type="Animation" uid="uid://cj4nhdaw44qol" path="res://Assets/Animations/New Imports/idle.res" id="6_brgy2"]
[ext_resource type="Animation" uid="uid://b66katjqsyf3t" path="res://Assets/Animations/New Imports/robot.res" id="7_s2tgo"]
[ext_resource type="Animation" uid="uid://dkha0sujygpdp" path="res://Assets/Animations/New Imports/jump.res" id="8_3qo5f"]
[ext_resource type="Animation" uid="uid://clw64pe3tf5sp" path="res://Assets/Animations/New Imports/walk_back.res" id="9_c25of"]
[ext_resource type="Animation" uid="uid://dvpeaxq1qmvmy" path="res://Assets/Animations/New Imports/walk.res" id="10_gqkna"]
[ext_resource type="Animation" uid="uid://btqf7us0a8lb7" path="res://Assets/Animations/New Imports/strafe_left.res" id="11_2fpao"]
[ext_resource type="Animation" uid="uid://cosag31wnqit1" path="res://Assets/Animations/New Imports/strafe_right.res" id="12_cho8k"]
[ext_resource type="PackedScene" uid="uid://n8hnu0v2no4l" path="res://pause_menu.tscn" id="13_k64dx"]
[ext_resource type="Script" path="res://RayCast3D.gd" id="15_2g1f2"]

[sub_resource type="Skin" id="Skin_gx8ix"]
resource_name = "Skin"
bind_count = 31
bind/0/name = &"Root"
bind/0/bone = -1
bind/0/pose = Transform3D(0.999654, -0.0210802, 0.0157634, 0.0213332, 0.999644, -0.0160552, -0.0154194, 0.0163859, 0.999747, 0.0147813, -0.493616, 0.00149518)
bind/1/name = &"Spine1"
bind/1/bone = -1
bind/1/pose = Transform3D(0.999654, -0.0210802, 0.0157637, 0.0213332, 0.999644, -0.0160552, -0.0154196, 0.0163859, 0.999747, 0.0147813, -0.624388, 0.00149518)
bind/2/name = &"Spine2"
bind/2/bone = -1
bind/2/pose = Transform3D(0.999654, -0.0210802, 0.0157634, 0.0213332, 0.999644, -0.0160552, -0.0154194, 0.0163859, 0.999747, 0.0147813, -0.795531, 0.00149518)
bind/3/name = &"Head"
bind/3/bone = -1
bind/3/pose = Transform3D(0.999654, -0.0210802, 0.0157634, 0.0213332, 0.999644, -0.0160552, -0.0154194, 0.0163859, 0.999747, 0.0147813, -0.97343, 0.00149518)
bind/4/name = &"Head_end"
bind/4/bone = -1
bind/4/pose = Transform3D(0.999654, -0.0210802, 0.0157634, 0.0213332, 0.999644, -0.0160552, -0.0154194, 0.0163859, 0.999747, 0.0147813, -1.43507, 0.00149518)
bind/5/name = &"Shoulder.L"
bind/5/bone = -1
bind/5/pose = Transform3D(-0.341989, -0.93965, 0.0101262, 0.939578, -0.341746, 0.0200927, -0.0154195, 0.0163859, 0.999747, 0.916859, 0.327344, 0.00149526)
bind/6/name = &"UpperArm.L"
bind/6/bone = -1
bind/6/pose = Transform3D(-0.537629, -0.843164, 0.00552683, 0.835959, -0.533869, -0.127107, 0.110123, -0.0637164, 0.991874, 0.875625, 0.282814, 0.0440436)
bind/7/name = &"LowerArm.L"
bind/7/bone = -1
bind/7/pose = Transform3D(-0.62964, -0.776881, 0.00302263, 0.762096, -0.616892, 0.196604, -0.150874, 0.126093, 0.980478, 0.859666, 0.192226, -0.00279941)
bind/8/name = &"Hand.L"
bind/8/bone = -1
bind/8/pose = Transform3D(-0.739895, -0.672722, -0.000385566, 0.672546, -0.739714, 0.0224968, -0.0154193, 0.016386, 0.999747, 0.846074, 0.154215, 0.00149509)
bind/9/name = &"Hand.L_end"
bind/9/bone = -1
bind/9/pose = Transform3D(-0.739895, -0.672722, -0.00038556, 0.672546, -0.739714, 0.0224968, -0.0154193, 0.016386, 0.999747, 0.846074, 0.0331563, 0.00149508)
bind/10/name = &"Shoulder.R"
bind/10/bone = -1
bind/10/pose = Transform3D(-0.301593, 0.953221, -0.0202749, -0.953312, -0.30183, -0.00975635, -0.0154195, 0.0163859, 0.999747, -0.926376, 0.299355, 0.00149526)
bind/11/name = &"UpperArm.R"
bind/11/bone = -1
bind/11/pose = Transform3D(-0.501174, 0.865069, -0.0219077, -0.853295, -0.498246, -0.153745, -0.143916, -0.0583593, 0.987868, -0.890985, 0.257836, 0.0402873)
bind/12/name = &"LowerArm.R"
bind/12/bone = -1
bind/12/pose = Transform3D(-0.59593, 0.802726, -0.0223487, -0.793236, -0.584094, 0.172078, 0.125078, 0.120274, 0.98483, -0.877788, 0.169228, 0.00128093)
bind/13/name = &"Hand.R"
bind/13/bone = -1
bind/13/pose = Transform3D(-0.71053, 0.703308, -0.0224862, -0.703499, -0.710696, 0.000797947, -0.0154197, 0.016386, 0.999747, -0.867521, 0.133868, 0.00149508)
bind/14/name = &"Hand.R_end"
bind/14/bone = -1
bind/14/pose = Transform3D(-0.71053, 0.703308, -0.0224862, -0.703499, -0.710696, 0.000797963, -0.0154197, 0.016386, 0.999747, -0.867521, 0.0128095, 0.00149508)
bind/15/name = &"UpperLeg.L"
bind/15/bone = -1
bind/15/pose = Transform3D(-0.999654, 0.0210802, -0.0157638, -0.0224906, -0.995184, 0.0954147, -0.0136764, 0.0957344, 0.995303, 0.11445, 0.53656, -0.0412534)
bind/16/name = &"LowerLeg.L"
bind/16/bone = -1
bind/16/pose = Transform3D(-0.999654, 0.0210802, -0.0157636, -0.0167395, -0.971284, -0.237329, -0.0203139, -0.236988, 0.971291, 0.11445, 0.262041, 0.0476019)
bind/17/name = &"Foot.L"
bind/17/bone = -1
bind/17/pose = Transform3D(-0.999654, 0.0210801, -0.0157637, -0.0237472, -0.463915, 0.885554, 0.0113548, 0.885629, 0.464247, 0.11445, 0.0679472, -0.0761811)
bind/18/name = &"Foot.L_end"
bind/18/bone = -1
bind/18/pose = Transform3D(-0.999654, 0.0210801, -0.0157637, -0.0237472, -0.463915, 0.885554, 0.0113548, 0.885629, 0.464247, 0.11445, -0.124981, -0.0761811)
bind/19/name = &"UpperLeg.R"
bind/19/bone = -1
bind/19/pose = Transform3D(-0.999654, 0.0210803, -0.0157633, -0.0224906, -0.995184, 0.0954147, -0.0136759, 0.0957344, 0.995303, -0.144013, 0.53656, -0.0412534)
bind/20/name = &"LowerLeg.R"
bind/20/bone = -1
bind/20/pose = Transform3D(-0.999654, 0.0210802, -0.0157634, -0.0167396, -0.971284, -0.237329, -0.0203137, -0.236988, 0.971291, -0.144013, 0.262041, 0.0476019)
bind/21/name = &"Foot.R"
bind/21/bone = -1
bind/21/pose = Transform3D(-0.999654, 0.0210804, -0.0157635, -0.0237472, -0.463915, 0.885554, 0.0113552, 0.885629, 0.464247, -0.144013, 0.0679472, -0.0761811)
bind/22/name = &"Foot.R_end"
bind/22/bone = -1
bind/22/pose = Transform3D(-0.999653, 0.0210804, -0.0157635, -0.0237472, -0.463915, 0.885554, 0.0113552, 0.885629, 0.464247, -0.144013, -0.12498, -0.076181)
bind/23/name = &"IKLegPole.L"
bind/23/bone = -1
bind/23/pose = Transform3D(-0.999654, 0.02108, -0.0157636, -0.0154195, 0.0163859, 0.999747, 0.021333, 0.999644, -0.0160552, 0.11445, -0.279191, -0.317354)
bind/24/name = &"IKLegPole.L_end"
bind/24/bone = -1
bind/24/pose = Transform3D(-0.999654, 0.02108, -0.0157636, -0.0154195, 0.0163859, 0.999747, 0.021333, 0.999644, -0.0160552, 0.11445, -0.405297, -0.317354)
bind/25/name = &"IKTarget.L"
bind/25/bone = -1
bind/25/pose = Transform3D(-0.999654, 0.0210804, -0.0157636, 0.0154195, -0.0163859, -0.999747, -0.0213334, -0.999644, 0.0160552, 0.11445, -0.0232147, 0.0994056)
bind/26/name = &"IKTarget.L_end"
bind/26/bone = -1
bind/26/pose = Transform3D(-0.999654, 0.0210804, -0.0157636, 0.0154195, -0.0163859, -0.999747, -0.0213334, -0.999644, 0.0160552, 0.11445, -0.126802, 0.0994056)
bind/27/name = &"IKLegPole.R"
bind/27/bone = -1
bind/27/pose = Transform3D(-0.999654, 0.0210805, -0.0157636, -0.0154195, 0.0163859, 0.999747, 0.0213334, 0.999644, -0.0160552, -0.144013, -0.279191, -0.317354)
bind/28/name = &"IKLegPole.R_end"
bind/28/bone = -1
bind/28/pose = Transform3D(-0.999654, 0.0210805, -0.0157636, -0.0154195, 0.0163859, 0.999747, 0.0213334, 0.999644, -0.0160552, -0.144013, -0.405297, -0.317354)
bind/29/name = &"IKTarget.R"
bind/29/bone = -1
bind/29/pose = Transform3D(-0.999654, 0.0210801, -0.0157636, 0.0154195, -0.0163859, -0.999747, -0.0213331, -0.999644, 0.0160552, -0.144013, -0.0232147, 0.0994056)
bind/30/name = &"IKTarget.R_end"
bind/30/bone = -1
bind/30/pose = Transform3D(-0.999654, 0.0210801, -0.0157636, 0.0154195, -0.0163859, -0.999747, -0.0213331, -0.999644, 0.0160552, -0.144013, -0.126802, 0.0994056)

[sub_resource type="CapsuleShape3D" id="CapsuleShape3D_ytjpj"]
radius = 0.357454
height = 1.98068

[sub_resource type="AnimationLibrary" id="AnimationLibrary_v2cfn"]
_data = {
"Tpose": ExtResource("4_udnnt"),
"drink": ExtResource("5_a4psp"),
"idle": ExtResource("6_brgy2"),
"jump": ExtResource("8_3qo5f"),
"robot": ExtResource("7_s2tgo"),
"strafe_left": ExtResource("11_2fpao"),
"strafe_right": ExtResource("12_cho8k"),
"walk": ExtResource("10_gqkna"),
"walk_back": ExtResource("9_c25of")
}

[sub_resource type="AnimationNodeAnimation" id="AnimationNodeAnimation_ce4cv"]
animation = &"Imports/drink"

[sub_resource type="AnimationNodeAnimation" id="AnimationNodeAnimation_f1bya"]
animation = &"Imports/idle"

[sub_resource type="AnimationNodeAnimation" id="AnimationNodeAnimation_kqd0m"]
animation = &"Imports/jump"

[sub_resource type="AnimationNodeAnimation" id="AnimationNodeAnimation_6p2l4"]
animation = &"Imports/robot"

[sub_resource type="AnimationNodeAnimation" id="AnimationNodeAnimation_u60vi"]
animation = &"Imports/strafe_left"

[sub_resource type="AnimationNodeAnimation" id="AnimationNodeAnimation_stmkw"]
animation = &"Imports/strafe_right"

[sub_resource type="AnimationNodeAnimation" id="AnimationNodeAnimation_2jh6h"]
animation = &"Imports/walk"

[sub_resource type="AnimationNodeAnimation" id="AnimationNodeAnimation_c0u73"]
animation = &"Imports/walk_back"

[sub_resource type="AnimationNodeStateMachineTransition" id="AnimationNodeStateMachineTransition_ilgxr"]
advance_mode = 2

[sub_resource type="AnimationNodeStateMachineTransition" id="AnimationNodeStateMachineTransition_2bmv1"]
advance_mode = 2
advance_condition = &"jump"

[sub_resource type="AnimationNodeStateMachineTransition" id="AnimationNodeStateMachineTransition_irbd3"]
switch_mode = 2
advance_mode = 2

[sub_resource type="AnimationNodeStateMachineTransition" id="AnimationNodeStateMachineTransition_6sitm"]
advance_mode = 2
advance_condition = &"walk"

[sub_resource type="AnimationNodeStateMachineTransition" id="AnimationNodeStateMachineTransition_4jlgp"]
advance_mode = 2
advance_condition = &"idle"

[sub_resource type="AnimationNodeStateMachineTransition" id="AnimationNodeStateMachineTransition_yg41a"]
advance_mode = 2
advance_condition = &"walk_back"

[sub_resource type="AnimationNodeStateMachineTransition" id="AnimationNodeStateMachineTransition_4cdix"]
advance_mode = 2
advance_condition = &"walk"

[sub_resource type="AnimationNodeStateMachineTransition" id="AnimationNodeStateMachineTransition_5mar8"]
advance_mode = 2
advance_condition = &"idle"

[sub_resource type="AnimationNodeStateMachineTransition" id="AnimationNodeStateMachineTransition_o4kcw"]
advance_mode = 2
advance_condition = &"walk_back"

[sub_resource type="AnimationNodeStateMachineTransition" id="AnimationNodeStateMachineTransition_4u5l5"]
advance_mode = 2
advance_condition = &"strafe_left"

[sub_resource type="AnimationNodeStateMachineTransition" id="AnimationNodeStateMachineTransition_aw265"]
advance_mode = 2
advance_condition = &"walk"

[sub_resource type="AnimationNodeStateMachineTransition" id="AnimationNodeStateMachineTransition_fkkpx"]
advance_mode = 2
advance_condition = &"idle"

[sub_resource type="AnimationNodeStateMachineTransition" id="AnimationNodeStateMachineTransition_6n5my"]
advance_mode = 2
advance_condition = &"strafe_left"

[sub_resource type="AnimationNodeStateMachineTransition" id="AnimationNodeStateMachineTransition_y1lw5"]
advance_mode = 2
advance_condition = &"walk_back"

[sub_resource type="AnimationNodeStateMachineTransition" id="AnimationNodeStateMachineTransition_g37dp"]
advance_mode = 2
advance_condition = &"strafe_left"

[sub_resource type="AnimationNodeStateMachineTransition" id="AnimationNodeStateMachineTransition_f786w"]
advance_mode = 2
advance_condition = &"strafe_right"

[sub_resource type="AnimationNodeStateMachineTransition" id="AnimationNodeStateMachineTransition_if0gr"]
advance_mode = 2
advance_condition = &"strafe_left"

[sub_resource type="AnimationNodeStateMachineTransition" id="AnimationNodeStateMachineTransition_041og"]
advance_mode = 2
advance_condition = &"walk_back"

[sub_resource type="AnimationNodeStateMachineTransition" id="AnimationNodeStateMachineTransition_nqnuc"]
advance_mode = 2
advance_condition = &"strafe_right"

[sub_resource type="AnimationNodeStateMachineTransition" id="AnimationNodeStateMachineTransition_v2f24"]
advance_mode = 2
advance_condition = &"idle"

[sub_resource type="AnimationNodeStateMachineTransition" id="AnimationNodeStateMachineTransition_ih7p5"]
advance_mode = 2
advance_condition = &"strafe_right"

[sub_resource type="AnimationNodeStateMachineTransition" id="AnimationNodeStateMachineTransition_yokg4"]
advance_mode = 2
advance_condition = &"walk"

[sub_resource type="AnimationNodeStateMachineTransition" id="AnimationNodeStateMachineTransition_b6ijb"]
advance_mode = 2
advance_condition = &"strafe_right"

[sub_resource type="AnimationNodeStateMachineTransition" id="AnimationNodeStateMachineTransition_w2i11"]
advance_mode = 2
advance_condition = &"jump"

[sub_resource type="AnimationNodeStateMachineTransition" id="AnimationNodeStateMachineTransition_26aht"]
switch_mode = 2
advance_mode = 2
advance_condition = &"walk"

[sub_resource type="AnimationNodeStateMachineTransition" id="AnimationNodeStateMachineTransition_820ol"]
switch_mode = 2
advance_mode = 2
advance_condition = &"walk_back"

[sub_resource type="AnimationNodeStateMachineTransition" id="AnimationNodeStateMachineTransition_rtj5j"]
advance_mode = 2
advance_condition = &"jump"

[sub_resource type="AnimationNodeStateMachineTransition" id="AnimationNodeStateMachineTransition_hvxu0"]
switch_mode = 2
advance_mode = 2
advance_condition = &"strafe_right"

[sub_resource type="AnimationNodeStateMachineTransition" id="AnimationNodeStateMachineTransition_0wkd3"]
advance_mode = 2
advance_condition = &"jump"

[sub_resource type="AnimationNodeStateMachineTransition" id="AnimationNodeStateMachineTransition_hrp8g"]
switch_mode = 2
advance_mode = 2
advance_condition = &"strafe_left"

[sub_resource type="AnimationNodeStateMachineTransition" id="AnimationNodeStateMachineTransition_rb186"]
advance_mode = 2
advance_condition = &"jump"

[sub_resource type="AnimationNodeStateMachineTransition" id="AnimationNodeStateMachineTransition_253gi"]
advance_mode = 2
advance_condition = &"drink"

[sub_resource type="AnimationNodeStateMachineTransition" id="AnimationNodeStateMachineTransition_jqmcg"]
switch_mode = 2
advance_mode = 2

[sub_resource type="AnimationNodeStateMachineTransition" id="AnimationNodeStateMachineTransition_5byag"]
advance_mode = 2
advance_condition = &"dance"

[sub_resource type="AnimationNodeStateMachineTransition" id="AnimationNodeStateMachineTransition_wpjqo"]
switch_mode = 2
advance_mode = 2

[sub_resource type="AnimationNodeStateMachine" id="AnimationNodeStateMachine_r1bp4"]
states/End/position = Vector2(1046, 145)
states/Imports_drink/node = SubResource("AnimationNodeAnimation_ce4cv")
states/Imports_drink/position = Vector2(650.451, -89.8)
states/Imports_idle/node = SubResource("AnimationNodeAnimation_f1bya")
states/Imports_idle/position = Vector2(440.451, 86.2)
states/Imports_jump/node = SubResource("AnimationNodeAnimation_kqd0m")
states/Imports_jump/position = Vector2(440.451, -73.8)
states/Imports_robot/node = SubResource("AnimationNodeAnimation_6p2l4")
states/Imports_robot/position = Vector2(772.451, -20.8)
states/Imports_strafe_left/node = SubResource("AnimationNodeAnimation_u60vi")
states/Imports_strafe_left/position = Vector2(264.451, 313.2)
states/Imports_strafe_right/node = SubResource("AnimationNodeAnimation_stmkw")
states/Imports_strafe_right/position = Vector2(634.451, 308.2)
states/Imports_walk/node = SubResource("AnimationNodeAnimation_2jh6h")
states/Imports_walk/position = Vector2(125.451, 145)
states/Imports_walk_back/node = SubResource("AnimationNodeAnimation_c0u73")
states/Imports_walk_back/position = Vector2(772.451, 145)
states/Start/position = Vector2(75, 32)
transitions = ["Start", "Imports_idle", SubResource("AnimationNodeStateMachineTransition_ilgxr"), "Imports_idle", "Imports_jump", SubResource("AnimationNodeStateMachineTransition_2bmv1"), "Imports_jump", "Imports_idle", SubResource("AnimationNodeStateMachineTransition_irbd3"), "Imports_idle", "Imports_walk", SubResource("AnimationNodeStateMachineTransition_6sitm"), "Imports_walk", "Imports_idle", SubResource("AnimationNodeStateMachineTransition_4jlgp"), "Imports_walk", "Imports_walk_back", SubResource("AnimationNodeStateMachineTransition_yg41a"), "Imports_walk_back", "Imports_walk", SubResource("AnimationNodeStateMachineTransition_4cdix"), "Imports_walk_back", "Imports_idle", SubResource("AnimationNodeStateMachineTransition_5mar8"), "Imports_idle", "Imports_walk_back", SubResource("AnimationNodeStateMachineTransition_o4kcw"), "Imports_walk", "Imports_strafe_left", SubResource("AnimationNodeStateMachineTransition_4u5l5"), "Imports_strafe_left", "Imports_walk", SubResource("AnimationNodeStateMachineTransition_aw265"), "Imports_strafe_left", "Imports_idle", SubResource("AnimationNodeStateMachineTransition_fkkpx"), "Imports_idle", "Imports_strafe_left", SubResource("AnimationNodeStateMachineTransition_6n5my"), "Imports_strafe_left", "Imports_walk_back", SubResource("AnimationNodeStateMachineTransition_y1lw5"), "Imports_walk_back", "Imports_strafe_left", SubResource("AnimationNodeStateMachineTransition_g37dp"), "Imports_strafe_left", "Imports_strafe_right", SubResource("AnimationNodeStateMachineTransition_f786w"), "Imports_strafe_right", "Imports_strafe_left", SubResource("AnimationNodeStateMachineTransition_if0gr"), "Imports_strafe_right", "Imports_walk_back", SubResource("AnimationNodeStateMachineTransition_041og"), "Imports_walk_back", "Imports_strafe_right", SubResource("AnimationNodeStateMachineTransition_nqnuc"), "Imports_strafe_right", "Imports_idle", SubResource("AnimationNodeStateMachineTransition_v2f24"), "Imports_idle", "Imports_strafe_right", SubResource("AnimationNodeStateMachineTransition_ih7p5"), "Imports_strafe_right", "Imports_walk", SubResource("AnimationNodeStateMachineTransition_yokg4"), "Imports_walk", "Imports_strafe_right", SubResource("AnimationNodeStateMachineTransition_b6ijb"), "Imports_walk", "Imports_jump", SubResource("AnimationNodeStateMachineTransition_w2i11"), "Imports_jump", "Imports_walk", SubResource("AnimationNodeStateMachineTransition_26aht"), "Imports_jump", "Imports_walk_back", SubResource("AnimationNodeStateMachineTransition_820ol"), "Imports_walk_back", "Imports_jump", SubResource("AnimationNodeStateMachineTransition_rtj5j"), "Imports_jump", "Imports_strafe_right", SubResource("AnimationNodeStateMachineTransition_hvxu0"), "Imports_strafe_right", "Imports_jump", SubResource("AnimationNodeStateMachineTransition_0wkd3"), "Imports_jump", "Imports_strafe_left", SubResource("AnimationNodeStateMachineTransition_hrp8g"), "Imports_strafe_left", "Imports_jump", SubResource("AnimationNodeStateMachineTransition_rb186"), "Imports_idle", "Imports_drink", SubResource("AnimationNodeStateMachineTransition_253gi"), "Imports_drink", "Imports_idle", SubResource("AnimationNodeStateMachineTransition_jqmcg"), "Imports_idle", "Imports_robot", SubResource("AnimationNodeStateMachineTransition_5byag"), "Imports_robot", "Imports_idle", SubResource("AnimationNodeStateMachineTransition_wpjqo")]
graph_offset = Vector2(-106.549, -134.8)

[node name="Ray" type="CharacterBody3D"]
script = ExtResource("2_6kubr")

[node name="Armature" type="Node3D" parent="."]
transform = Transform3D(-0.9947, -0.0160245, -0.101547, -0.0136235, 0.999611, -0.0242937, 0.101897, -0.0227816, -0.994532, -0.0458293, -0.0258578, 0.0136173)

[node name="Skeleton3D" type="Skeleton3D" parent="Armature"]
bones/0/name = "Root"
bones/0/parent = -1
bones/0/rest = Transform3D(-1, 2.47382e-10, -1.50452e-07, 2.47382e-10, 1, 6.40284e-10, 1.50452e-07, 6.40284e-10, -1, 1.74623e-10, 0.506674, 2.18279e-11)
bones/0/enabled = true
bones/0/position = Vector3(1.74623e-10, 0.506674, 2.18279e-11)
bones/0/rotation = Quaternion(4.37114e-08, 1, 2.18557e-08, -1.39543e-17)
bones/0/scale = Vector3(1, 1, 1)
bones/1/name = "Spine1"
bones/1/parent = 0
bones/1/rest = Transform3D(1, -3.34694e-10, -3.00497e-07, 3.34694e-10, 1, 1.42609e-09, 3.00497e-07, -1.42609e-09, 1, -5.67525e-10, 0.130772, -7.13044e-10)
bones/1/enabled = true
bones/1/position = Vector3(-5.67525e-10, 0.130772, -7.13044e-10)
bones/1/rotation = Quaternion(0.00956392, -0.0150545, 0.00571988, 0.999825)
bones/1/scale = Vector3(1, 1, 1)
bones/2/name = "Spine2"
bones/2/parent = 1
bones/2/rest = Transform3D(1, -1.46974e-09, 3.0137e-07, 1.46974e-09, 1, 3.7835e-10, -3.0137e-07, -3.7835e-10, 1, -4.94765e-10, 0.171143, -1.29148e-09)
bones/2/enabled = true
bones/2/position = Vector3(-4.94765e-10, 0.171143, -1.29148e-09)
bones/2/rotation = Quaternion(0.0190768, -0.0300063, 0.0122352, 0.999293)
bones/2/scale = Vector3(1, 1, 1)
bones/3/name = "Head"
bones/3/parent = 2
bones/3/rest = Transform3D(1, -9.02219e-10, 8.87667e-10, 9.02219e-10, 1, 9.16771e-10, -8.87667e-10, -9.16771e-10, 1, -2.32831e-10, 0.177899, -1.76806e-09)
bones/3/enabled = true
bones/3/position = Vector3(-2.32831e-10, 0.177899, -1.76806e-09)
bones/3/rotation = Quaternion(-0.0145179, 0.0101109, -0.02744, 0.999467)
bones/3/scale = Vector3(1, 1, 1)
bones/4/name = "Head_end"
bones/4/parent = 3
bones/4/rest = Transform3D(1, -9.02219e-10, 8.87667e-10, 9.02219e-10, 1, 9.16771e-10, -8.87667e-10, -9.16771e-10, 1, -9.02219e-10, 0.461636, 5.52973e-10)
bones/4/enabled = true
bones/4/position = Vector3(-9.02219e-10, 0.461636, 5.52973e-10)
bones/4/rotation = Quaternion(-4.58385e-10, 4.43833e-10, 4.51109e-10, 1)
bones/4/scale = Vector3(1, 1, 1)
bones/5/name = "Shoulder.L"
bones/5/parent = 2
bones/5/rest = Transform3D(-0.321903, 0.946773, -1.29577e-07, -0.946773, -0.321903, -8.14935e-08, -1.18867e-07, 9.64473e-08, 1, -2.32831e-10, 0.177899, -1.76806e-09)
bones/5/enabled = true
bones/5/position = Vector3(-2.32831e-10, 0.177899, -1.76806e-09)
bones/5/rotation = Quaternion(-0.0465771, 0.0351894, -0.791709, 0.608103)
bones/5/scale = Vector3(1, 1, 1)
bones/6/name = "UpperArm.L"
bones/6/parent = 5
bones/6/rest = Transform3D(0.976197, 0.214473, 0.0322542, -0.216885, 0.965342, 0.145173, -5.75557e-07, -0.148713, 0.98888, -9.84874e-08, 0.237849, -9.31323e-10)
bones/6/enabled = true
bones/6/position = Vector3(-9.84874e-08, 0.237849, -9.31323e-10)
bones/6/rotation = Quaternion(0.144137, 0.148353, -0.478526, 0.853364)
bones/6/scale = Vector3(1, 1, 1)
bones/7/name = "LowerArm.L"
bones/7/parent = 6
bones/7/rest = Transform3D(0.993567, 0.111502, -0.0197844, -0.111985, 0.941431, -0.318067, -0.0168396, 0.318237, 0.947862, -4.36994e-08, 0.197225, 0)
bones/7/enabled = true
bones/7/position = Vector3(-4.36994e-08, 0.197225, 0)
bones/7/rotation = Quaternion(0.247873, -0.000734257, -0.00115265, 0.968792)
bones/7/scale = Vector3(1, 1, 1)
bones/8/name = "Hand.L"
bones/8/parent = 7
bones/8/rest = Transform3D(0.988491, 0.151277, 5.20609e-07, -0.14895, 0.973291, 0.174695, 0.0264268, -0.172685, 0.984622, -7.09451e-08, 0.167892, 2.07219e-08)
bones/8/enabled = true
bones/8/position = Vector3(-7.09451e-08, 0.167892, 2.07219e-08)
bones/8/rotation = Quaternion(-0.126845, 0.0280053, -0.111199, 0.985272)
bones/8/scale = Vector3(1, 1, 1)
bones/9/name = "Hand.L_end"
bones/9/parent = 8
bones/9/rest = Transform3D(1, 1.48584e-08, -5.84987e-09, -1.48584e-08, 1, -1.58325e-08, 5.84987e-09, 1.58325e-08, 1, -3.67316e-08, 0.121058, 0)
bones/9/enabled = true
bones/9/position = Vector3(-3.67316e-08, 0.121058, 0)
bones/9/rotation = Quaternion(7.91624e-09, -2.92493e-09, -7.42921e-09, 1)
bones/9/scale = Vector3(1, 1, 1)
bones/10/name = "Shoulder.R"
bones/10/parent = 2
bones/10/rest = Transform3D(-0.321903, -0.946773, -1.73935e-07, 0.946773, -0.321903, -8.10442e-08, 2.07401e-08, -1.90766e-07, 1, -2.32831e-10, 0.177899, -1.76806e-09)
bones/10/enabled = true
bones/10/position = Vector3(-2.32831e-10, 0.177899, -1.76806e-09)
bones/10/rotation = Quaternion(0.0411198, 0.0180038, 0.759745, 0.648669)
bones/10/scale = Vector3(1, 1, 1)
bones/11/name = "UpperArm.R"
bones/11/parent = 10
bones/11/rest = Transform3D(0.976197, -0.214473, -0.0322542, 0.216885, 0.965342, 0.145173, 5.73695e-07, -0.148713, 0.98888, -9.70322e-08, 0.237849, -2.32831e-10)
bones/11/enabled = true
bones/11/position = Vector3(-9.70322e-08, 0.237849, -2.32831e-10)
bones/11/rotation = Quaternion(0.189988, -0.152748, 0.477679, 0.844035)
bones/11/scale = Vector3(1, 1, 1)
bones/12/name = "LowerArm.R"
bones/12/parent = 11
bones/12/rest = Transform3D(0.993567, -0.111502, 0.0197844, 0.111985, 0.941431, -0.318067, 0.0168396, 0.318237, 0.947862, -5.51809e-08, 0.197225, 7.45058e-09)
bones/12/enabled = true
bones/12/position = Vector3(-5.51809e-08, 0.197225, 7.45058e-09)
bones/12/rotation = Quaternion(0.237211, 0.000736318, 0.00110285, 0.971457)
bones/12/scale = Vector3(1, 1, 1)
bones/13/name = "Hand.R"
bones/13/parent = 12
bones/13/rest = Transform3D(0.988491, -0.151277, -5.19678e-07, 0.14895, 0.973291, 0.174695, -0.0264268, -0.172685, 0.984622, -1.71131e-08, 0.167892, 2.08383e-08)
bones/13/enabled = true
bones/13/position = Vector3(-1.71131e-08, 0.167892, 2.08383e-08)
bones/13/rotation = Quaternion(-0.1325, 0.0305701, 0.0100049, 0.990661)
bones/13/scale = Vector3(1, 1, 1)
bones/14/name = "Hand.R_end"
bones/14/parent = 13
bones/14/rest = Transform3D(1, -1.47038e-08, 6.51926e-09, 1.47038e-08, 1, -1.57452e-08, -6.51926e-09, 1.57452e-08, 1, 1.18191e-07, 0.121058, 2.21189e-09)
bones/14/enabled = true
bones/14/position = Vector3(1.18191e-07, 0.121058, 2.21189e-09)
bones/14/rotation = Quaternion(7.87259e-09, 3.25963e-09, 7.3519e-09, 1)
bones/14/scale = Vector3(1, 1, 1)
bones/15/name = "UpperLeg.L"
bones/15/parent = 0
bones/15/rest = Transform3D(-1, 1.88506e-09, -3.89374e-07, -3.28067e-08, -0.99684, 0.0794307, -3.8799e-07, 0.0794299, 0.99685, 0.129231, 0.0445251, 2.10712e-08)
bones/15/enabled = true
bones/15/position = Vector3(0.129231, 0.0445251, 2.10712e-08)
bones/15/rotation = Quaternion(0.0473112, 0.103909, 0.990355, -0.0785001)
bones/15/scale = Vector3(1, 0.999999, 1.00003)
bones/16/name = "LowerLeg.L"
bones/16/parent = 15
bones/16/rest = Transform3D(1, 6.24953e-09, -1.73176e-07, 5.10694e-08, 0.944338, 0.328978, 1.65593e-07, -0.328978, 0.944338, 5.99539e-09, 0.273445, -1.74623e-09)
bones/16/enabled = true
bones/16/position = Vector3(5.99539e-09, 0.273445, -1.74623e-09)
bones/16/rotation = Quaternion(-0.343339, -0.0516814, 0.0155226, 0.93766)
bones/16/scale = Vector3(1, 1, 1)
bones/17/name = "Foot.L"
bones/17/parent = 16
bones/17/rest = Transform3D(1, -2.29683e-08, 9.48996e-08, 9.76379e-08, 0.240816, -0.970571, -5.60966e-10, 0.970571, 0.240816, 1.97906e-08, 0.171739, -2.7474e-08)
bones/17/enabled = true
bones/17/position = Vector3(1.97906e-08, 0.171739, -2.7474e-08)
bones/17/rotation = Quaternion(0.683956, -0.0163372, -0.0986669, 0.722636)
bones/17/scale = Vector3(1, 1.00002, 0.999992)
bones/18/name = "Foot.L_end"
bones/18/parent = 17
bones/18/rest = Transform3D(1, 1.7703e-18, -1.16415e-09, 1.7703e-18, 1, 3.04135e-09, 1.16415e-09, -3.04135e-09, 1, -3.34694e-10, 0.192928, -2.21189e-09)
bones/18/enabled = true
bones/18/position = Vector3(-3.34694e-10, 0.192928, -2.21189e-09)
bones/18/rotation = Quaternion(-1.52068e-09, -5.82077e-10, 0, 1)
bones/18/scale = Vector3(1, 1, 1)
bones/19/name = "UpperLeg.R"
bones/19/parent = 0
bones/19/rest = Transform3D(-1, 1.67297e-09, 1.51616e-07, 1.0375e-08, -0.99684, 0.0794307, 1.51268e-07, 0.0794299, 0.99685, -0.129231, 0.0445252, -1.76951e-08)
bones/19/enabled = true
bones/19/position = Vector3(-0.129231, 0.0445252, -1.76951e-08)
bones/19/rotation = Quaternion(-0.119496, 0.0862263, 0.988824, 0.0226332)
bones/19/scale = Vector3(0.999999, 0.999999, 1.00003)
bones/20/name = "LowerLeg.R"
bones/20/parent = 19
bones/20/rest = Transform3D(1, -8.55482e-08, 1.28385e-07, 3.85506e-08, 0.944338, 0.328978, -1.49382e-07, -0.328978, 0.944338, 4.08909e-09, 0.273444, 9.31323e-10)
bones/20/enabled = true
bones/20/position = Vector3(4.08909e-09, 0.273444, 9.31323e-10)
bones/20/rotation = Quaternion(-0.382743, 0.0598145, -0.0195727, 0.921709)
bones/20/scale = Vector3(1, 1, 1)
bones/21/name = "Foot.R"
bones/21/parent = 20
bones/21/rest = Transform3D(1, 1.55797e-07, -1.52263e-07, -1.853e-07, 0.240816, -0.970571, -1.14544e-07, 0.970571, 0.240816, -6.8394e-09, 0.171739, -2.49129e-08)
bones/21/enabled = true
bones/21/position = Vector3(-6.8394e-09, 0.171739, -2.49129e-08)
bones/21/rotation = Quaternion(0.733512, 0.0749017, 0.015742, 0.675353)
bones/21/scale = Vector3(1, 1.00002, 0.999993)
bones/22/name = "Foot.R_end"
bones/22/parent = 21
bones/22/rest = Transform3D(1, 2.32831e-09, -9.31323e-10, -2.32831e-09, 1, 3.07045e-09, 9.31323e-10, -3.07045e-09, 1, -1.65601e-08, 0.192928, -1.16415e-09)
bones/22/enabled = true
bones/22/position = Vector3(-1.65601e-08, 0.192928, -1.16415e-09)
bones/22/rotation = Quaternion(-1.53523e-09, -4.65661e-10, -1.16415e-09, 1)
bones/22/scale = Vector3(1, 1, 1)
bones/23/name = "IKLegPole.L"
bones/23/parent = -1
bones/23/rest = Transform3D(1, 1.51337e-09, 2.37691e-07, -2.37691e-07, 0, 1, 1.51337e-09, -1, 0, -0.129231, 0.330412, -0.280686)
bones/23/enabled = true
bones/23/position = Vector3(-0.129231, 0.330412, -0.280686)
bones/23/rotation = Quaternion(-0.707107, 8.35014e-08, -8.45715e-08, 0.707107)
bones/23/scale = Vector3(1, 1, 1)
bones/24/name = "IKLegPole.L_end"
bones/24/parent = 23
bones/24/rest = Transform3D(1, 2.91038e-11, -2.91039e-11, -2.91038e-11, 1, -9.02219e-10, 2.91039e-11, 9.02219e-10, 1, -1.86265e-09, 0.126106, 2.28174e-08)
bones/24/enabled = true
bones/24/position = Vector3(-1.86265e-09, 0.126106, 2.28174e-08)
bones/24/rotation = Quaternion(4.51109e-10, -1.4552e-11, -1.45519e-11, 1)
bones/24/scale = Vector3(1, 1, 1)
bones/25/name = "IKTarget.L"
bones/25/parent = -1
bones/25/rest = Transform3D(1, 1.67347e-09, 1.50569e-07, 1.50569e-07, 0, -1, -1.67347e-09, 1, 0, -0.129231, 0.112464, 0.0217196)
bones/25/enabled = true
bones/25/position = Vector3(-0.129231, 0.112464, 0.0217196)
bones/25/rotation = Quaternion(0.707107, 5.38257e-08, 5.26424e-08, 0.707107)
bones/25/scale = Vector3(1, 1, 1)
bones/26/name = "IKTarget.L_end"
bones/26/parent = 25
bones/26/rest = Transform3D(1, -4.94765e-10, 2.91039e-11, 4.94765e-10, 1, -8.87667e-10, -2.91039e-11, 8.87667e-10, 1, 4.65661e-10, 0.103587, 1.62981e-09)
bones/26/enabled = true
bones/26/position = Vector3(4.65661e-10, 0.103587, 1.62981e-09)
bones/26/rotation = Quaternion(4.43833e-10, 1.4552e-11, 2.47383e-10, 1)
bones/26/scale = Vector3(1, 1, 1)
bones/27/name = "IKLegPole.R"
bones/27/parent = -1
bones/27/rest = Transform3D(1, 1.32424e-09, -2.39073e-07, 2.39073e-07, 0, 1, 1.32424e-09, -1, 0, 0.129231, 0.330412, -0.280686)
bones/27/enabled = true
bones/27/position = Vector3(0.129231, 0.330412, -0.280686)
bones/27/rotation = Quaternion(-0.707107, -8.49934e-08, 8.4057e-08, 0.707107)
bones/27/scale = Vector3(1, 1, 1)
bones/28/name = "IKLegPole.R_end"
bones/28/parent = 27
bones/28/rest = Transform3D(1, 1.45519e-11, -2.91039e-11, -1.45519e-11, 1, -8.87667e-10, 2.91039e-11, 8.87667e-10, 1, 6.51926e-09, 0.126106, -5.12227e-09)
bones/28/enabled = true
bones/28/position = Vector3(6.51926e-09, 0.126106, -5.12227e-09)
bones/28/rotation = Quaternion(4.43833e-10, -1.4552e-11, -7.27596e-12, 1)
bones/28/scale = Vector3(1, 1, 1)
bones/29/name = "IKTarget.R"
bones/29/parent = -1
bones/29/rest = Transform3D(1, 1.07683e-09, -1.51835e-07, -1.51835e-07, 0, -1, -1.07683e-09, 1, 0, 0.129231, 0.112464, 0.0217196)
bones/29/enabled = true
bones/29/position = Vector3(0.129231, 0.112464, 0.0217196)
bones/29/rotation = Quaternion(0.707107, -5.3301e-08, -5.40624e-08, 0.707107)
bones/29/scale = Vector3(1, 1, 1)
bones/30/name = "IKTarget.R_end"
bones/30/parent = 29
bones/30/rest = Transform3D(1, -1.45519e-11, 2.91039e-11, 1.45519e-11, 1, -8.87667e-10, -2.91039e-11, 8.87667e-10, 1, 6.0536e-09, 0.103587, 1.46683e-08)
bones/30/enabled = true
bones/30/position = Vector3(6.0536e-09, 0.103587, 1.46683e-08)
bones/30/rotation = Quaternion(4.43833e-10, 1.4552e-11, 7.27596e-12, 1)
bones/30/scale = Vector3(1, 1, 1)

[node name="Ray" type="MeshInstance3D" parent="Armature/Skeleton3D"]
transform = Transform3D(0.993439, 0, 0.114365, 0, 1, 0, -0.114365, 0, 0.993439, 0, 0, 0)
mesh = ExtResource("2_1jo1v")
skin = SubResource("Skin_gx8ix")

[node name="Camera_Controller" type="Node3D" parent="." groups=["CameraController"]]
top_level = true
script = ExtResource("4_ldqhd")

[node name="Camera_Target" type="Node3D" parent="Camera_Controller"]
transform = Transform3D(1, 0, 0, 0, 0.839316, 0.543643, 0, -0.543643, 0.839316, 0, 2.26417, 3.68636)

[node name="Camera3D" type="Camera3D" parent="Camera_Controller/Camera_Target"]
transform = Transform3D(1, 0, 0, 0, 0.999327, -0.0366958, 0, 0.0366958, 0.999327, 0, 1.35954, 0.388017)
current = true

[node name="LookAt" type="Node3D" parent="Camera_Controller"]
transform = Transform3D(1, 0, 0, 0, 1, 0, 0, 0, 1, 0, 0.964673, 2.25611)

[node name="CollisionShape3D" type="CollisionShape3D" parent="."]
transform = Transform3D(0.8, 0, 0, 0, 0.8, 0, 0, 0, 0.8, -0.0128288, 0.722181, 0.0536919)
shape = SubResource("CapsuleShape3D_ytjpj")

[node name="AnimationPlayer" type="AnimationPlayer" parent="."]
libraries = {
"Imports": SubResource("AnimationLibrary_v2cfn")
}
autoplay = "Imports/Tpose"

[node name="AnimationTree" type="AnimationTree" parent="."]
libraries = {
"Imports": SubResource("AnimationLibrary_v2cfn")
}
tree_root = SubResource("AnimationNodeStateMachine_r1bp4")
anim_player = NodePath("../AnimationPlayer")
parameters/conditions/dance = false
parameters/conditions/drink = false
parameters/conditions/idle = false
parameters/conditions/jump = false
parameters/conditions/strafe_left = false
parameters/conditions/strafe_right = false
parameters/conditions/walk = false
parameters/conditions/walk_back = false

[node name="PauseMenu" parent="." instance=ExtResource("13_k64dx")]
visible = false

[node name="Prompt" type="Label" parent="."]
anchors_preset = 10
anchor_right = 1.0
offset_top = 162.0
offset_bottom = 299.0
grow_horizontal = 2
theme_override_font_sizes/font_size = 30
text = "Message
[Key]"
horizontal_alignment = 1

[node name="RayCast3D" type="RayCast3D" parent="."]
transform = Transform3D(1, 0, 0, 0, 1, 0, 0, 0, 1, 0, 1.22561, 0)
target_position = Vector3(0, 0, 1)
collide_with_areas = true
collide_with_bodies = false
script = ExtResource("15_2g1f2")

[connection signal="animation_finished" from="AnimationTree" to="." method="_on_animation_tree_animation_finished"]
