[gd_scene load_steps=55 format=3 uid="uid://cpc8btyollhk2"]

[ext_resource type="ArrayMesh" uid="uid://b5iuclh06cokd" path="res://Assets/Models/blue_hair.res" id="2_5s5ku"]
[ext_resource type="Script" path="res://me_take2.gd" id="2_6kubr"]
[ext_resource type="Script" path="res://Camera_Controller.gd" id="4_ldqhd"]
[ext_resource type="Animation" uid="uid://byfbra2rnfb1j" path="res://Assets/Animations/Imports/walk.res" id="5_c6i3q"]
[ext_resource type="Animation" uid="uid://b5weecsevjc60" path="res://Assets/Animations/Imports/run.res" id="8_pp73w"]
[ext_resource type="Animation" uid="uid://bbto4umd7dov3" path="res://Assets/Animations/Imports/idle.res" id="11_54437"]
[ext_resource type="Animation" uid="uid://dbw005mn2tq2n" path="res://Assets/Animations/Imports/left.res" id="11_cmpsy"]
[ext_resource type="Animation" uid="uid://b6igi87aew8ws" path="res://Assets/Animations/Imports/new_jump.res" id="11_v82ub"]
[ext_resource type="Animation" uid="uid://bn7dcjiel8sag" path="res://Assets/Animations/Imports/walk_backwards.res" id="12_c5bl6"]
[ext_resource type="PackedScene" uid="uid://n8hnu0v2no4l" path="res://pause_menu.tscn" id="13_k64dx"]

[sub_resource type="Skin" id="Skin_gx8ix"]
resource_name = "Skin"
bind_count = 31
bind/0/name = &"Root"
bind/0/bone = -1
bind/0/pose = Transform3D(0.999654, -0.0210802, 0.0157634, 0.0213332, 0.999644, -0.0160552, -0.0154194, 0.0163859, 0.999747, 0.0147813, -0.493616, 0.00149518)
bind/1/name = &"Spine1"
bind/1/bone = -1
bind/1/pose = Transform3D(0.999654, -0.0210802, 0.0157637, 0.0213332, 0.999644, -0.0160552, -0.0154196, 0.0163859, 0.999747, 0.0147813, -0.624388, 0.00149518)
bind/2/name = &"Spine2"
bind/2/bone = -1
bind/2/pose = Transform3D(0.999654, -0.0210802, 0.0157634, 0.0213332, 0.999644, -0.0160552, -0.0154194, 0.0163859, 0.999747, 0.0147813, -0.795531, 0.00149518)
bind/3/name = &"Head"
bind/3/bone = -1
bind/3/pose = Transform3D(0.999654, -0.0210802, 0.0157634, 0.0213332, 0.999644, -0.0160552, -0.0154194, 0.0163859, 0.999747, 0.0147813, -0.97343, 0.00149518)
bind/4/name = &"Head_end"
bind/4/bone = -1
bind/4/pose = Transform3D(0.999654, -0.0210802, 0.0157634, 0.0213332, 0.999644, -0.0160552, -0.0154194, 0.0163859, 0.999747, 0.0147813, -1.43507, 0.00149518)
bind/5/name = &"Shoulder.L"
bind/5/bone = -1
bind/5/pose = Transform3D(-0.341989, -0.93965, 0.0101262, 0.939578, -0.341746, 0.0200927, -0.0154195, 0.0163859, 0.999747, 0.916859, 0.327344, 0.00149526)
bind/6/name = &"UpperArm.L"
bind/6/bone = -1
bind/6/pose = Transform3D(-0.537629, -0.843164, 0.00552683, 0.835959, -0.533869, -0.127107, 0.110123, -0.0637164, 0.991874, 0.875625, 0.282814, 0.0440436)
bind/7/name = &"LowerArm.L"
bind/7/bone = -1
bind/7/pose = Transform3D(-0.62964, -0.776881, 0.00302263, 0.762096, -0.616892, 0.196604, -0.150874, 0.126093, 0.980478, 0.859666, 0.192226, -0.00279941)
bind/8/name = &"Hand.L"
bind/8/bone = -1
bind/8/pose = Transform3D(-0.739895, -0.672722, -0.000385566, 0.672546, -0.739714, 0.0224968, -0.0154193, 0.016386, 0.999747, 0.846074, 0.154215, 0.00149509)
bind/9/name = &"Hand.L_end"
bind/9/bone = -1
bind/9/pose = Transform3D(-0.739895, -0.672722, -0.00038556, 0.672546, -0.739714, 0.0224968, -0.0154193, 0.016386, 0.999747, 0.846074, 0.0331563, 0.00149508)
bind/10/name = &"Shoulder.R"
bind/10/bone = -1
bind/10/pose = Transform3D(-0.301593, 0.953221, -0.0202749, -0.953312, -0.30183, -0.00975635, -0.0154195, 0.0163859, 0.999747, -0.926376, 0.299355, 0.00149526)
bind/11/name = &"UpperArm.R"
bind/11/bone = -1
bind/11/pose = Transform3D(-0.501174, 0.865069, -0.0219077, -0.853295, -0.498246, -0.153745, -0.143916, -0.0583593, 0.987868, -0.890985, 0.257836, 0.0402873)
bind/12/name = &"LowerArm.R"
bind/12/bone = -1
bind/12/pose = Transform3D(-0.59593, 0.802726, -0.0223487, -0.793236, -0.584094, 0.172078, 0.125078, 0.120274, 0.98483, -0.877788, 0.169228, 0.00128093)
bind/13/name = &"Hand.R"
bind/13/bone = -1
bind/13/pose = Transform3D(-0.71053, 0.703308, -0.0224862, -0.703499, -0.710696, 0.000797947, -0.0154197, 0.016386, 0.999747, -0.867521, 0.133868, 0.00149508)
bind/14/name = &"Hand.R_end"
bind/14/bone = -1
bind/14/pose = Transform3D(-0.71053, 0.703308, -0.0224862, -0.703499, -0.710696, 0.000797963, -0.0154197, 0.016386, 0.999747, -0.867521, 0.0128095, 0.00149508)
bind/15/name = &"UpperLeg.L"
bind/15/bone = -1
bind/15/pose = Transform3D(-0.999654, 0.0210802, -0.0157638, -0.0224906, -0.995184, 0.0954147, -0.0136764, 0.0957344, 0.995303, 0.11445, 0.53656, -0.0412534)
bind/16/name = &"LowerLeg.L"
bind/16/bone = -1
bind/16/pose = Transform3D(-0.999654, 0.0210802, -0.0157636, -0.0167395, -0.971284, -0.237329, -0.0203139, -0.236988, 0.971291, 0.11445, 0.262041, 0.0476019)
bind/17/name = &"Foot.L"
bind/17/bone = -1
bind/17/pose = Transform3D(-0.999654, 0.0210801, -0.0157637, -0.0237472, -0.463915, 0.885554, 0.0113548, 0.885629, 0.464247, 0.11445, 0.0679472, -0.0761811)
bind/18/name = &"Foot.L_end"
bind/18/bone = -1
bind/18/pose = Transform3D(-0.999654, 0.0210801, -0.0157637, -0.0237472, -0.463915, 0.885554, 0.0113548, 0.885629, 0.464247, 0.11445, -0.124981, -0.0761811)
bind/19/name = &"UpperLeg.R"
bind/19/bone = -1
bind/19/pose = Transform3D(-0.999654, 0.0210803, -0.0157633, -0.0224906, -0.995184, 0.0954147, -0.0136759, 0.0957344, 0.995303, -0.144013, 0.53656, -0.0412534)
bind/20/name = &"LowerLeg.R"
bind/20/bone = -1
bind/20/pose = Transform3D(-0.999654, 0.0210802, -0.0157634, -0.0167396, -0.971284, -0.237329, -0.0203137, -0.236988, 0.971291, -0.144013, 0.262041, 0.0476019)
bind/21/name = &"Foot.R"
bind/21/bone = -1
bind/21/pose = Transform3D(-0.999654, 0.0210804, -0.0157635, -0.0237472, -0.463915, 0.885554, 0.0113552, 0.885629, 0.464247, -0.144013, 0.0679472, -0.0761811)
bind/22/name = &"Foot.R_end"
bind/22/bone = -1
bind/22/pose = Transform3D(-0.999653, 0.0210804, -0.0157635, -0.0237472, -0.463915, 0.885554, 0.0113552, 0.885629, 0.464247, -0.144013, -0.12498, -0.076181)
bind/23/name = &"IKLegPole.L"
bind/23/bone = -1
bind/23/pose = Transform3D(-0.999654, 0.02108, -0.0157636, -0.0154195, 0.0163859, 0.999747, 0.021333, 0.999644, -0.0160552, 0.11445, -0.279191, -0.317354)
bind/24/name = &"IKLegPole.L_end"
bind/24/bone = -1
bind/24/pose = Transform3D(-0.999654, 0.02108, -0.0157636, -0.0154195, 0.0163859, 0.999747, 0.021333, 0.999644, -0.0160552, 0.11445, -0.405297, -0.317354)
bind/25/name = &"IKTarget.L"
bind/25/bone = -1
bind/25/pose = Transform3D(-0.999654, 0.0210804, -0.0157636, 0.0154195, -0.0163859, -0.999747, -0.0213334, -0.999644, 0.0160552, 0.11445, -0.0232147, 0.0994056)
bind/26/name = &"IKTarget.L_end"
bind/26/bone = -1
bind/26/pose = Transform3D(-0.999654, 0.0210804, -0.0157636, 0.0154195, -0.0163859, -0.999747, -0.0213334, -0.999644, 0.0160552, 0.11445, -0.126802, 0.0994056)
bind/27/name = &"IKLegPole.R"
bind/27/bone = -1
bind/27/pose = Transform3D(-0.999654, 0.0210805, -0.0157636, -0.0154195, 0.0163859, 0.999747, 0.0213334, 0.999644, -0.0160552, -0.144013, -0.279191, -0.317354)
bind/28/name = &"IKLegPole.R_end"
bind/28/bone = -1
bind/28/pose = Transform3D(-0.999654, 0.0210805, -0.0157636, -0.0154195, 0.0163859, 0.999747, 0.0213334, 0.999644, -0.0160552, -0.144013, -0.405297, -0.317354)
bind/29/name = &"IKTarget.R"
bind/29/bone = -1
bind/29/pose = Transform3D(-0.999654, 0.0210801, -0.0157636, 0.0154195, -0.0163859, -0.999747, -0.0213331, -0.999644, 0.0160552, -0.144013, -0.0232147, 0.0994056)
bind/30/name = &"IKTarget.R_end"
bind/30/bone = -1
bind/30/pose = Transform3D(-0.999654, 0.0210801, -0.0157636, 0.0154195, -0.0163859, -0.999747, -0.0213331, -0.999644, 0.0160552, -0.144013, -0.126802, 0.0994056)

[sub_resource type="CapsuleShape3D" id="CapsuleShape3D_ytjpj"]
radius = 0.357454
height = 1.98068

[sub_resource type="AnimationLibrary" id="AnimationLibrary_v2cfn"]
_data = {
"idle": ExtResource("11_54437"),
"left": ExtResource("11_cmpsy"),
"new_jump": ExtResource("11_v82ub"),
"run": ExtResource("8_pp73w"),
"walk": ExtResource("5_c6i3q"),
"walk_backwards": ExtResource("12_c5bl6")
}

[sub_resource type="AnimationNodeAnimation" id="AnimationNodeAnimation_5jblt"]
animation = &"Imports/dance"

[sub_resource type="AnimationNodeAnimation" id="AnimationNodeAnimation_4w7jl"]
animation = &"Imports/idle"

[sub_resource type="AnimationNodeAnimation" id="AnimationNodeAnimation_b5umo"]
animation = &"Imports/new_jump"

[sub_resource type="AnimationNodeAnimation" id="AnimationNodeAnimation_oc0nf"]
animation = &"Imports/left"

[sub_resource type="AnimationNodeAnimation" id="AnimationNodeAnimation_sfko2"]
animation = &"Imports/strafe_right"

[sub_resource type="AnimationNodeAnimation" id="AnimationNodeAnimation_ep1bl"]
animation = &"Imports/walk"

[sub_resource type="AnimationNodeAnimation" id="AnimationNodeAnimation_kisvt"]
animation = &"Imports/walk_backwards"

[sub_resource type="AnimationNodeStateMachineTransition" id="AnimationNodeStateMachineTransition_r643f"]
advance_mode = 2

[sub_resource type="AnimationNodeStateMachineTransition" id="AnimationNodeStateMachineTransition_61lvp"]
advance_mode = 2
advance_condition = &"walk"

[sub_resource type="AnimationNodeStateMachineTransition" id="AnimationNodeStateMachineTransition_h2qso"]
advance_mode = 2
advance_condition = &"idle"

[sub_resource type="AnimationNodeStateMachineTransition" id="AnimationNodeStateMachineTransition_x5rmc"]
advance_mode = 2
advance_condition = &"walk_back"

[sub_resource type="AnimationNodeStateMachineTransition" id="AnimationNodeStateMachineTransition_byx2f"]
advance_mode = 2
advance_condition = &"idle"

[sub_resource type="AnimationNodeStateMachineTransition" id="AnimationNodeStateMachineTransition_gjo8n"]
advance_mode = 2
advance_condition = &"dance"

[sub_resource type="AnimationNodeStateMachineTransition" id="AnimationNodeStateMachineTransition_4b3g7"]
switch_mode = 2
advance_mode = 2
advance_condition = &"idle"

[sub_resource type="AnimationNodeStateMachineTransition" id="AnimationNodeStateMachineTransition_v1v2l"]
advance_mode = 2
advance_condition = &"walk_back"

[sub_resource type="AnimationNodeStateMachineTransition" id="AnimationNodeStateMachineTransition_l32ir"]
advance_mode = 2
advance_condition = &"walk"

[sub_resource type="AnimationNodeStateMachineTransition" id="AnimationNodeStateMachineTransition_r6bi3"]
advance_mode = 2
advance_condition = &"jump"

[sub_resource type="AnimationNodeStateMachineTransition" id="AnimationNodeStateMachineTransition_m2ppk"]
switch_mode = 2
advance_mode = 2
advance_condition = &"idle"

[sub_resource type="AnimationNodeStateMachineTransition" id="AnimationNodeStateMachineTransition_04pbu"]
advance_mode = 2
advance_condition = &"strafe_right"

[sub_resource type="AnimationNodeStateMachineTransition" id="AnimationNodeStateMachineTransition_r7qwo"]
advance_mode = 2
advance_condition = &"walk_back"

[sub_resource type="AnimationNodeStateMachineTransition" id="AnimationNodeStateMachineTransition_ilytq"]
advance_mode = 2
advance_condition = &"idle"

[sub_resource type="AnimationNodeStateMachineTransition" id="AnimationNodeStateMachineTransition_g2hw8"]
advance_mode = 2
advance_condition = &"strafe_right"

[sub_resource type="AnimationNodeStateMachineTransition" id="AnimationNodeStateMachineTransition_6xu0x"]
advance_mode = 2
advance_condition = &"walk"

[sub_resource type="AnimationNodeStateMachineTransition" id="AnimationNodeStateMachineTransition_7pd41"]
advance_mode = 2
advance_condition = &"strafe_right"

[sub_resource type="AnimationNodeStateMachineTransition" id="AnimationNodeStateMachineTransition_0y5gx"]
advance_mode = 2
advance_condition = &"left"

[sub_resource type="AnimationNodeStateMachineTransition" id="AnimationNodeStateMachineTransition_m4phv"]
advance_mode = 2
advance_condition = &"walk"

[sub_resource type="AnimationNodeStateMachineTransition" id="AnimationNodeStateMachineTransition_ejidp"]
advance_mode = 2
advance_condition = &"left"

[sub_resource type="AnimationNodeStateMachineTransition" id="AnimationNodeStateMachineTransition_g4och"]
advance_mode = 2
advance_condition = &"idle"

[sub_resource type="AnimationNodeStateMachineTransition" id="AnimationNodeStateMachineTransition_d345p"]
advance_mode = 2
advance_condition = &"walk_back"

[sub_resource type="AnimationNodeStateMachineTransition" id="AnimationNodeStateMachineTransition_sgvlp"]
advance_mode = 2
advance_condition = &"left"

[sub_resource type="AnimationNodeStateMachineTransition" id="AnimationNodeStateMachineTransition_btngo"]
advance_mode = 2
advance_condition = &"strafe_right"

[sub_resource type="AnimationNodeStateMachineTransition" id="AnimationNodeStateMachineTransition_n1lqe"]
advance_mode = 2
advance_condition = &"left"

[sub_resource type="AnimationNodeStateMachineTransition" id="AnimationNodeStateMachineTransition_ycd7u"]
switch_mode = 2
advance_mode = 2
advance_condition = &"walk"

[sub_resource type="AnimationNodeStateMachineTransition" id="AnimationNodeStateMachineTransition_bqigb"]
advance_mode = 2
advance_condition = &"jump"

[sub_resource type="AnimationNodeStateMachineTransition" id="AnimationNodeStateMachineTransition_dobre"]
switch_mode = 2
advance_mode = 2
advance_condition = &"walk_back"

[sub_resource type="AnimationNodeStateMachineTransition" id="AnimationNodeStateMachineTransition_5b3hb"]
advance_mode = 2
advance_condition = &"jump"

[sub_resource type="AnimationNodeStateMachineTransition" id="AnimationNodeStateMachineTransition_etrtl"]
switch_mode = 2
advance_mode = 2
advance_condition = &"left"

[sub_resource type="AnimationNodeStateMachineTransition" id="AnimationNodeStateMachineTransition_gp2ft"]
advance_mode = 2
advance_condition = &"jump"

[sub_resource type="AnimationNodeStateMachineTransition" id="AnimationNodeStateMachineTransition_62vkh"]
switch_mode = 2
advance_mode = 2
advance_condition = &"strafe_right"

[sub_resource type="AnimationNodeStateMachineTransition" id="AnimationNodeStateMachineTransition_jjpkm"]
advance_mode = 2
advance_condition = &"jump"

[sub_resource type="AnimationNodeStateMachine" id="AnimationNodeStateMachine_r1bp4"]
states/End/position = Vector2(1046, 145)
states/Imports_dance/node = SubResource("AnimationNodeAnimation_5jblt")
states/Imports_dance/position = Vector2(1023, -91)
states/Imports_idle/node = SubResource("AnimationNodeAnimation_4w7jl")
states/Imports_idle/position = Vector2(405, 124)
states/Imports_new_jump/node = SubResource("AnimationNodeAnimation_b5umo")
states/Imports_new_jump/position = Vector2(405, -79)
states/Imports_strafe_left/node = SubResource("AnimationNodeAnimation_oc0nf")
states/Imports_strafe_left/position = Vector2(220.451, 472.2)
states/Imports_strafe_right/node = SubResource("AnimationNodeAnimation_sfko2")
states/Imports_strafe_right/position = Vector2(617, 472.2)
states/Imports_walk/node = SubResource("AnimationNodeAnimation_ep1bl")
states/Imports_walk/position = Vector2(113, 239)
states/Imports_walk_backwards/node = SubResource("AnimationNodeAnimation_kisvt")
states/Imports_walk_backwards/position = Vector2(705, 239)
states/Start/position = Vector2(-457, 88)
transitions = ["Start", "Imports_idle", SubResource("AnimationNodeStateMachineTransition_r643f"), "Imports_idle", "Imports_walk", SubResource("AnimationNodeStateMachineTransition_61lvp"), "Imports_walk", "Imports_idle", SubResource("AnimationNodeStateMachineTransition_h2qso"), "Imports_idle", "Imports_walk_backwards", SubResource("AnimationNodeStateMachineTransition_x5rmc"), "Imports_walk_backwards", "Imports_idle", SubResource("AnimationNodeStateMachineTransition_byx2f"), "Imports_idle", "Imports_dance", SubResource("AnimationNodeStateMachineTransition_gjo8n"), "Imports_dance", "Imports_idle", SubResource("AnimationNodeStateMachineTransition_4b3g7"), "Imports_walk", "Imports_walk_backwards", SubResource("AnimationNodeStateMachineTransition_v1v2l"), "Imports_walk_backwards", "Imports_walk", SubResource("AnimationNodeStateMachineTransition_l32ir"), "Imports_idle", "Imports_new_jump", SubResource("AnimationNodeStateMachineTransition_r6bi3"), "Imports_new_jump", "Imports_idle", SubResource("AnimationNodeStateMachineTransition_m2ppk"), "Imports_walk_backwards", "Imports_strafe_right", SubResource("AnimationNodeStateMachineTransition_04pbu"), "Imports_strafe_right", "Imports_walk_backwards", SubResource("AnimationNodeStateMachineTransition_r7qwo"), "Imports_strafe_right", "Imports_idle", SubResource("AnimationNodeStateMachineTransition_ilytq"), "Imports_idle", "Imports_strafe_right", SubResource("AnimationNodeStateMachineTransition_g2hw8"), "Imports_strafe_right", "Imports_walk", SubResource("AnimationNodeStateMachineTransition_6xu0x"), "Imports_walk", "Imports_strafe_right", SubResource("AnimationNodeStateMachineTransition_7pd41"), "Imports_walk", "Imports_strafe_left", SubResource("AnimationNodeStateMachineTransition_0y5gx"), "Imports_strafe_left", "Imports_walk", SubResource("AnimationNodeStateMachineTransition_m4phv"), "Imports_idle", "Imports_strafe_left", SubResource("AnimationNodeStateMachineTransition_ejidp"), "Imports_strafe_left", "Imports_idle", SubResource("AnimationNodeStateMachineTransition_g4och"), "Imports_strafe_left", "Imports_walk_backwards", SubResource("AnimationNodeStateMachineTransition_d345p"), "Imports_walk_backwards", "Imports_strafe_left", SubResource("AnimationNodeStateMachineTransition_sgvlp"), "Imports_strafe_left", "Imports_strafe_right", SubResource("AnimationNodeStateMachineTransition_btngo"), "Imports_strafe_right", "Imports_strafe_left", SubResource("AnimationNodeStateMachineTransition_n1lqe"), "Imports_new_jump", "Imports_walk", SubResource("AnimationNodeStateMachineTransition_ycd7u"), "Imports_walk", "Imports_new_jump", SubResource("AnimationNodeStateMachineTransition_bqigb"), "Imports_new_jump", "Imports_walk_backwards", SubResource("AnimationNodeStateMachineTransition_dobre"), "Imports_walk_backwards", "Imports_new_jump", SubResource("AnimationNodeStateMachineTransition_5b3hb"), "Imports_new_jump", "Imports_strafe_left", SubResource("AnimationNodeStateMachineTransition_etrtl"), "Imports_strafe_left", "Imports_new_jump", SubResource("AnimationNodeStateMachineTransition_gp2ft"), "Imports_new_jump", "Imports_strafe_right", SubResource("AnimationNodeStateMachineTransition_62vkh"), "Imports_strafe_right", "Imports_new_jump", SubResource("AnimationNodeStateMachineTransition_jjpkm")]
graph_offset = Vector2(-156.549, -130.8)

[node name="Ray" type="CharacterBody3D"]
script = ExtResource("2_6kubr")

[node name="Armature" type="Node3D" parent="."]
transform = Transform3D(-0.999712, -0.0143038, -0.0192028, -0.0139696, 0.99975, -0.0174291, 0.0194473, -0.0171559, -0.999662, -0.0422199, -0.0268882, 0.00566646)

[node name="Skeleton3D" type="Skeleton3D" parent="Armature"]
bones/0/name = "Root"
bones/0/parent = -1
bones/0/rest = Transform3D(-1, 2.47382e-10, -1.50452e-07, 2.47382e-10, 1, 6.40284e-10, 1.50452e-07, 6.40284e-10, -1, 1.74623e-10, 0.506674, 2.18279e-11)
bones/0/enabled = true
bones/0/position = Vector3(1.74623e-10, 0.506674, 2.18279e-11)
bones/0/rotation = Quaternion(4.37114e-08, 1, 2.18557e-08, -1.39543e-17)
bones/0/scale = Vector3(1, 1, 1)
bones/1/name = "Spine1"
bones/1/parent = 0
bones/1/rest = Transform3D(1, -3.34694e-10, -3.00497e-07, 3.34694e-10, 1, 1.42609e-09, 3.00497e-07, -1.42609e-09, 1, -5.67525e-10, 0.130772, -7.13044e-10)
bones/1/enabled = true
bones/1/position = Vector3(-5.67525e-10, 0.130772, -7.13044e-10)
bones/1/rotation = Quaternion(0.0048722, -0.0188083, 0.00739675, 0.999784)
bones/1/scale = Vector3(1, 1, 1)
bones/2/name = "Spine2"
bones/2/parent = 1
bones/2/rest = Transform3D(1, -1.46974e-09, 3.0137e-07, 1.46974e-09, 1, 3.7835e-10, -3.0137e-07, -3.7835e-10, 1, -4.94765e-10, 0.171143, -1.29148e-09)
bones/2/enabled = true
bones/2/position = Vector3(-4.94765e-10, 0.171143, -1.29148e-09)
bones/2/rotation = Quaternion(0.0097669, -0.0376197, 0.0148086, 0.999135)
bones/2/scale = Vector3(1, 1, 1)
bones/3/name = "Head"
bones/3/parent = 2
bones/3/rest = Transform3D(1, -9.02219e-10, 8.87667e-10, 9.02219e-10, 1, 9.16771e-10, -8.87667e-10, -9.16771e-10, 1, -2.32831e-10, 0.177899, -1.76806e-09)
bones/3/enabled = true
bones/3/position = Vector3(-2.32831e-10, 0.177899, -1.76806e-09)
bones/3/rotation = Quaternion(0.000841797, 0.0133114, -0.0259735, 0.999574)
bones/3/scale = Vector3(1, 1, 1)
bones/4/name = "Head_end"
bones/4/parent = 3
bones/4/rest = Transform3D(1, -9.02219e-10, 8.87667e-10, 9.02219e-10, 1, 9.16771e-10, -8.87667e-10, -9.16771e-10, 1, -9.02219e-10, 0.461636, 5.52973e-10)
bones/4/enabled = true
bones/4/position = Vector3(-9.02219e-10, 0.461636, 5.52973e-10)
bones/4/rotation = Quaternion(-4.58385e-10, 4.43833e-10, 4.51109e-10, 1)
bones/4/scale = Vector3(1, 1, 1)
bones/5/name = "Shoulder.L"
bones/5/parent = 2
bones/5/rest = Transform3D(-0.321903, 0.946773, -1.29577e-07, -0.946773, -0.321903, -8.14935e-08, -1.18867e-07, 9.64473e-08, 1, -2.32831e-10, 0.177899, -1.76806e-09)
bones/5/enabled = true
bones/5/position = Vector3(-2.32831e-10, 0.177899, -1.76806e-09)
bones/5/rotation = Quaternion(-0.0607971, 0.0450053, -0.800163, 0.594994)
bones/5/scale = Vector3(1, 1, 1)
bones/6/name = "UpperArm.L"
bones/6/parent = 5
bones/6/rest = Transform3D(0.976197, 0.214473, 0.0322542, -0.216885, 0.965342, 0.145173, -5.75557e-07, -0.148713, 0.98888, -9.84874e-08, 0.237849, -9.31323e-10)
bones/6/enabled = true
bones/6/position = Vector3(-9.84874e-08, 0.237849, -9.31323e-10)
bones/6/rotation = Quaternion(0.131359, 0.152742, -0.455336, 0.867228)
bones/6/scale = Vector3(1, 1, 1)
bones/7/name = "LowerArm.L"
bones/7/parent = 6
bones/7/rest = Transform3D(0.993567, 0.111502, -0.0197844, -0.111985, 0.941431, -0.318067, -0.0168396, 0.318237, 0.947862, -4.36994e-08, 0.197225, 0)
bones/7/enabled = true
bones/7/position = Vector3(-4.36994e-08, 0.197225, 0)
bones/7/rotation = Quaternion(0.256756, -0.000732586, -0.00119387, 0.966475)
bones/7/scale = Vector3(1, 1, 1)
bones/8/name = "Hand.L"
bones/8/parent = 7
bones/8/rest = Transform3D(0.988491, 0.151277, 5.20609e-07, -0.14895, 0.973291, 0.174695, 0.0264268, -0.172685, 0.984622, -7.09451e-08, 0.167892, 2.07219e-08)
bones/8/enabled = true
bones/8/position = Vector3(-7.09451e-08, 0.167892, 2.07219e-08)
bones/8/rotation = Quaternion(-0.127414, 0.0589566, -0.112511, 0.983682)
bones/8/scale = Vector3(1, 1, 1)
bones/9/name = "Hand.L_end"
bones/9/parent = 8
bones/9/rest = Transform3D(1, 1.48584e-08, -5.84987e-09, -1.48584e-08, 1, -1.58325e-08, 5.84987e-09, 1.58325e-08, 1, -3.67316e-08, 0.121058, 0)
bones/9/enabled = true
bones/9/position = Vector3(-3.67316e-08, 0.121058, 0)
bones/9/rotation = Quaternion(7.91624e-09, -2.92493e-09, -7.42921e-09, 1)
bones/9/scale = Vector3(1, 1, 1)
bones/10/name = "Shoulder.R"
bones/10/parent = 2
bones/10/rest = Transform3D(-0.321903, -0.946773, -1.73935e-07, 0.946773, -0.321903, -8.10442e-08, 2.07401e-08, -1.90766e-07, 1, -2.32831e-10, 0.177899, -1.76806e-09)
bones/10/enabled = true
bones/10/position = Vector3(-2.32831e-10, 0.177899, -1.76806e-09)
bones/10/rotation = Quaternion(0.0255201, 0.00933018, 0.756261, 0.653705)
bones/10/scale = Vector3(1, 1, 1)
bones/11/name = "UpperArm.R"
bones/11/parent = 10
bones/11/rest = Transform3D(0.976197, -0.214473, -0.0322542, 0.216885, 0.965342, 0.145173, 5.73695e-07, -0.148713, 0.98888, -9.70322e-08, 0.237849, -2.32831e-10)
bones/11/enabled = true
bones/11/position = Vector3(-9.70322e-08, 0.237849, -2.32831e-10)
bones/11/rotation = Quaternion(0.177865, -0.142787, 0.490168, 0.841256)
bones/11/scale = Vector3(1, 1, 1)
bones/12/name = "LowerArm.R"
bones/12/parent = 11
bones/12/rest = Transform3D(0.993567, -0.111502, 0.0197844, 0.111985, 0.941431, -0.318067, 0.0168396, 0.318237, 0.947862, -5.51809e-08, 0.197225, 7.45058e-09)
bones/12/enabled = true
bones/12/position = Vector3(-5.51809e-08, 0.197225, 7.45058e-09)
bones/12/rotation = Quaternion(0.233139, 0.000737023, 0.00108391, 0.972443)
bones/12/scale = Vector3(1, 1, 1)
bones/13/name = "Hand.R"
bones/13/parent = 12
bones/13/rest = Transform3D(0.988491, -0.151277, -5.19678e-07, 0.14895, 0.973291, 0.174695, -0.0264268, -0.172685, 0.984622, -1.71131e-08, 0.167892, 2.08383e-08)
bones/13/enabled = true
bones/13/position = Vector3(-1.71131e-08, 0.167892, 2.08383e-08)
bones/13/rotation = Quaternion(-0.129638, 0.0179269, 0.0080751, 0.991367)
bones/13/scale = Vector3(1, 1, 1)
bones/14/name = "Hand.R_end"
bones/14/parent = 13
bones/14/rest = Transform3D(1, -1.47038e-08, 6.51926e-09, 1.47038e-08, 1, -1.57452e-08, -6.51926e-09, 1.57452e-08, 1, 1.18191e-07, 0.121058, 2.21189e-09)
bones/14/enabled = true
bones/14/position = Vector3(1.18191e-07, 0.121058, 2.21189e-09)
bones/14/rotation = Quaternion(7.87259e-09, 3.25963e-09, 7.3519e-09, 1)
bones/14/scale = Vector3(1, 1, 1)
bones/15/name = "UpperLeg.L"
bones/15/parent = 0
bones/15/rest = Transform3D(-1, 1.88506e-09, -3.89374e-07, -3.28067e-08, -0.99684, 0.0794307, -3.8799e-07, 0.0794299, 0.99685, 0.129231, 0.0445251, 2.10712e-08)
bones/15/enabled = true
bones/15/position = Vector3(0.129231, 0.0445251, 2.10712e-08)
bones/15/rotation = Quaternion(0.054811, 0.0973519, 0.991029, -0.0733468)
bones/15/scale = Vector3(1, 0.999999, 1.00003)
bones/16/name = "LowerLeg.L"
bones/16/parent = 15
bones/16/rest = Transform3D(1, 6.24953e-09, -1.73176e-07, 5.10694e-08, 0.944338, 0.328978, 1.65593e-07, -0.328978, 0.944338, 5.99539e-09, 0.273445, -1.74623e-09)
bones/16/enabled = true
bones/16/position = Vector3(5.99539e-09, 0.273445, -1.74623e-09)
bones/16/rotation = Quaternion(-0.350607, -0.071901, 0.0227789, 0.933481)
bones/16/scale = Vector3(1, 1, 1)
bones/17/name = "Foot.L"
bones/17/parent = 16
bones/17/rest = Transform3D(1, -2.29683e-08, 9.48996e-08, 9.76379e-08, 0.240816, -0.970571, -5.60966e-10, 0.970571, 0.240816, 1.97906e-08, 0.171739, -2.7474e-08)
bones/17/enabled = true
bones/17/position = Vector3(1.97906e-08, 0.171739, -2.7474e-08)
bones/17/rotation = Quaternion(0.692854, -0.0292315, -0.100406, 0.713455)
bones/17/scale = Vector3(1, 1.00002, 0.999992)
bones/18/name = "Foot.L_end"
bones/18/parent = 17
bones/18/rest = Transform3D(1, 1.7703e-18, -1.16415e-09, 1.7703e-18, 1, 3.04135e-09, 1.16415e-09, -3.04135e-09, 1, -3.34694e-10, 0.192928, -2.21189e-09)
bones/18/enabled = true
bones/18/position = Vector3(-3.34694e-10, 0.192928, -2.21189e-09)
bones/18/rotation = Quaternion(-1.52068e-09, -5.82077e-10, 0, 1)
bones/18/scale = Vector3(1, 1, 1)
bones/19/name = "UpperLeg.R"
bones/19/parent = 0
bones/19/rest = Transform3D(-1, 1.67297e-09, 1.51616e-07, 1.0375e-08, -0.99684, 0.0794307, 1.51268e-07, 0.0794299, 0.99685, -0.129231, 0.0445252, -1.76951e-08)
bones/19/enabled = true
bones/19/position = Vector3(-0.129231, 0.0445252, -1.76951e-08)
bones/19/rotation = Quaternion(-0.094708, 0.113385, 0.988664, 0.0268009)
bones/19/scale = Vector3(0.999999, 0.999999, 1.00003)
bones/20/name = "LowerLeg.R"
bones/20/parent = 19
bones/20/rest = Transform3D(1, -8.55482e-08, 1.28385e-07, 3.85506e-08, 0.944338, 0.328978, -1.49382e-07, -0.328978, 0.944338, 4.08909e-09, 0.273444, 9.31323e-10)
bones/20/enabled = true
bones/20/position = Vector3(4.08909e-09, 0.273444, 9.31323e-10)
bones/20/rotation = Quaternion(-0.396077, 0.047699, -0.0107021, 0.916915)
bones/20/scale = Vector3(1, 1, 1)
bones/21/name = "Foot.R"
bones/21/parent = 20
bones/21/rest = Transform3D(1, 1.55797e-07, -1.52263e-07, -1.853e-07, 0.240816, -0.970571, -1.14544e-07, 0.970571, 0.240816, -6.8394e-09, 0.171739, -2.49129e-08)
bones/21/enabled = true
bones/21/position = Vector3(-6.8394e-09, 0.171739, -2.49129e-08)
bones/21/rotation = Quaternion(0.727914, 0.0667555, 0.00897047, 0.682352)
bones/21/scale = Vector3(1, 1.00002, 0.999993)
bones/22/name = "Foot.R_end"
bones/22/parent = 21
bones/22/rest = Transform3D(1, 2.32831e-09, -9.31323e-10, -2.32831e-09, 1, 3.07045e-09, 9.31323e-10, -3.07045e-09, 1, -1.65601e-08, 0.192928, -1.16415e-09)
bones/22/enabled = true
bones/22/position = Vector3(-1.65601e-08, 0.192928, -1.16415e-09)
bones/22/rotation = Quaternion(-1.53523e-09, -4.65661e-10, -1.16415e-09, 1)
bones/22/scale = Vector3(1, 1, 1)
bones/23/name = "IKLegPole.L"
bones/23/parent = -1
bones/23/rest = Transform3D(1, 1.51337e-09, 2.37691e-07, -2.37691e-07, 0, 1, 1.51337e-09, -1, 0, -0.129231, 0.330412, -0.280686)
bones/23/enabled = true
bones/23/position = Vector3(-0.129231, 0.330412, -0.280686)
bones/23/rotation = Quaternion(-0.707107, 8.35014e-08, -8.45715e-08, 0.707107)
bones/23/scale = Vector3(1, 1, 1)
bones/24/name = "IKLegPole.L_end"
bones/24/parent = 23
bones/24/rest = Transform3D(1, 2.91038e-11, -2.91039e-11, -2.91038e-11, 1, -9.02219e-10, 2.91039e-11, 9.02219e-10, 1, -1.86265e-09, 0.126106, 2.28174e-08)
bones/24/enabled = true
bones/24/position = Vector3(-1.86265e-09, 0.126106, 2.28174e-08)
bones/24/rotation = Quaternion(4.51109e-10, -1.4552e-11, -1.45519e-11, 1)
bones/24/scale = Vector3(1, 1, 1)
bones/25/name = "IKTarget.L"
bones/25/parent = -1
bones/25/rest = Transform3D(1, 1.67347e-09, 1.50569e-07, 1.50569e-07, 0, -1, -1.67347e-09, 1, 0, -0.129231, 0.112464, 0.0217196)
bones/25/enabled = true
bones/25/position = Vector3(-0.129231, 0.112464, 0.0217196)
bones/25/rotation = Quaternion(0.707107, 5.38257e-08, 5.26424e-08, 0.707107)
bones/25/scale = Vector3(1, 1, 1)
bones/26/name = "IKTarget.L_end"
bones/26/parent = 25
bones/26/rest = Transform3D(1, -4.94765e-10, 2.91039e-11, 4.94765e-10, 1, -8.87667e-10, -2.91039e-11, 8.87667e-10, 1, 4.65661e-10, 0.103587, 1.62981e-09)
bones/26/enabled = true
bones/26/position = Vector3(4.65661e-10, 0.103587, 1.62981e-09)
bones/26/rotation = Quaternion(4.43833e-10, 1.4552e-11, 2.47383e-10, 1)
bones/26/scale = Vector3(1, 1, 1)
bones/27/name = "IKLegPole.R"
bones/27/parent = -1
bones/27/rest = Transform3D(1, 1.32424e-09, -2.39073e-07, 2.39073e-07, 0, 1, 1.32424e-09, -1, 0, 0.129231, 0.330412, -0.280686)
bones/27/enabled = true
bones/27/position = Vector3(0.129231, 0.330412, -0.280686)
bones/27/rotation = Quaternion(-0.707107, -8.49934e-08, 8.4057e-08, 0.707107)
bones/27/scale = Vector3(1, 1, 1)
bones/28/name = "IKLegPole.R_end"
bones/28/parent = 27
bones/28/rest = Transform3D(1, 1.45519e-11, -2.91039e-11, -1.45519e-11, 1, -8.87667e-10, 2.91039e-11, 8.87667e-10, 1, 6.51926e-09, 0.126106, -5.12227e-09)
bones/28/enabled = true
bones/28/position = Vector3(6.51926e-09, 0.126106, -5.12227e-09)
bones/28/rotation = Quaternion(4.43833e-10, -1.4552e-11, -7.27596e-12, 1)
bones/28/scale = Vector3(1, 1, 1)
bones/29/name = "IKTarget.R"
bones/29/parent = -1
bones/29/rest = Transform3D(1, 1.07683e-09, -1.51835e-07, -1.51835e-07, 0, -1, -1.07683e-09, 1, 0, 0.129231, 0.112464, 0.0217196)
bones/29/enabled = true
bones/29/position = Vector3(0.129231, 0.112464, 0.0217196)
bones/29/rotation = Quaternion(0.707107, -5.3301e-08, -5.40624e-08, 0.707107)
bones/29/scale = Vector3(1, 1, 1)
bones/30/name = "IKTarget.R_end"
bones/30/parent = 29
bones/30/rest = Transform3D(1, -1.45519e-11, 2.91039e-11, 1.45519e-11, 1, -8.87667e-10, -2.91039e-11, 8.87667e-10, 1, 6.0536e-09, 0.103587, 1.46683e-08)
bones/30/enabled = true
bones/30/position = Vector3(6.0536e-09, 0.103587, 1.46683e-08)
bones/30/rotation = Quaternion(4.43833e-10, 1.4552e-11, 7.27596e-12, 1)
bones/30/scale = Vector3(1, 1, 1)

[node name="Ray" type="MeshInstance3D" parent="Armature/Skeleton3D"]
mesh = ExtResource("2_5s5ku")
skin = SubResource("Skin_gx8ix")

[node name="Camera_Controller" type="Node3D" parent="." groups=["CameraController"]]
top_level = true
script = ExtResource("4_ldqhd")

[node name="Camera_Target" type="Node3D" parent="Camera_Controller"]
transform = Transform3D(1, 0, 0, 0, 0.839316, 0.543643, 0, -0.543643, 0.839316, 0, 2.26417, 3.68636)

[node name="Camera3D" type="Camera3D" parent="Camera_Controller/Camera_Target"]
transform = Transform3D(1, 0, 0, 0, 0.999327, -0.0366958, 0, 0.0366958, 0.999327, 0, 1.35954, 0.388017)
current = true

[node name="LookAt" type="Node3D" parent="Camera_Controller"]
transform = Transform3D(1, 0, 0, 0, 1, 0, 0, 0, 1, 0, 0.964673, 2.25611)

[node name="CollisionShape3D" type="CollisionShape3D" parent="."]
transform = Transform3D(0.8, 0, 0, 0, 0.8, 0, 0, 0, 0.8, -0.0128288, 0.722181, 0.0536919)
shape = SubResource("CapsuleShape3D_ytjpj")

[node name="AnimationPlayer" type="AnimationPlayer" parent="."]
libraries = {
"Imports": SubResource("AnimationLibrary_v2cfn")
}

[node name="AnimationTree" type="AnimationTree" parent="."]
libraries = {
"Imports": SubResource("AnimationLibrary_v2cfn")
}
tree_root = SubResource("AnimationNodeStateMachine_r1bp4")
anim_player = NodePath("../AnimationPlayer")
parameters/conditions/dance = false
parameters/conditions/idle = false
parameters/conditions/jump = false
parameters/conditions/left = false
parameters/conditions/strafe_right = false
parameters/conditions/walk = false
parameters/conditions/walk_back = false

[node name="PauseMenu" parent="." instance=ExtResource("13_k64dx")]
